-24
4
-4
-12
-19
-19
-28
-31
-34
-31
-29
-31
-31
-32
-30
-25
-22
-15
-7
-7
-9
-18
-29
-34
-38
-38
-38
-42
-38
-41
-47
-46
-43
-33
-31
-41
-42
-42
-39
-31
-22
-15
-13
-13
-15
-19
-24
-24
-19
-19
-20
-24
-29
-27
-29
-27
-23
-26
-27
-24
-25
-20
-20
-21
-27
-33
-33
-34
-29
-28
-24
-22
-25
-28
-29
-30
-22
-20
-26
-28
-34
-35
-31
-25
-29
-26
-29
-31
-30
-29
-28
-31
-35
-38
-36
-35
-32
-27
-26
-32
-36
-35
-33
-31
-32
-33
-29
-28
-23
-26
-30
-24
-18
-17
-18
-19
-16
-18
-17
-26
-31
-27
-30
-30
-29
-27
-31
-32
-32
-33
-37
-35
-38
-39
-42
-41
-39
-35
-30
-29
-28
-24
-21
-24
-23
-24
-34
-36
-40
-44
-46
-39
-40
-41
-39
-41
-41
-33
-31
-30
-24
-19
-18
-21
-26
-29
-34
-32
-31
-33
-28
-27
-21
-18
-27
-34
-38
-37
-38
-37
-38
-37
-29
-23
-24
-26
-24
-22
-17
-13
-15
-16
-23
-27
-28
-34
-32
-34
-30
-29
-25
-26
-25
-25
-31
-36
-31
-29
-25
-29
-31
-29
-31
-28
-25
-22
-33
-40
-42
-38
-35
-32
-30
-31
-36
-38
-38
-35
-33
-33
-25
-22
-26
-33
-27
-24
-24
-27
-27
-24
-21
-16
-17
-21
-23
-25
-26
-24
-31
-36
-31
-32
-32
-38
-38
-30
-26
-24
-21
-18
-14
-17
-18
-25
-30
-32
-37
-41
-42
-42
-38
-34
-36
-36
-34
-32
-30
-30
-31
-32
-33
-30
-31
-32
-30
-32
-36
-36
-33
-33
-27
-22
-24
-27
-33
-30
-29
-21
-17
-13
-21
-23
-25
-26
-27
-34
-38
-37
-31
-32
-32
-36
-37
-35
-36
-34
-36
-33
-31
-31
-29
-36
-35
-33
-26
-26
-30
-36
-35
-31
-25
-16
-13
-12
-15
-17
-18
-20
-19
-24
-26
-30
-32
-30
-32
-33
-28
-25
-21
-20
-22
-23
-23
-20
-22
-22
-27
-34
-38
-40
-41
-35
-29
-21
-22
-20
-29
-31
-27
-27
-23
-27
-32
-37
-35
-33
-28
-21
-21
-24
-31
-29
-25
-22
-22
-22
-25
-24
-21
-32
-37
-42
-40
-29
-22
-16
-17
-23
-31
-37
-35
-33
-28
-25
-32
-34
-38
-40
-36
-31
-28
-29
-31
-26
-16
-18
-16
-16
-20
-21
-21
-17
-17
-27
-31
-32
-35
-31
-31
-32
-29
-31
-24
-20
-24
-31
-36
-37
-35
-35
-32
-22
-20
-22
-20
-22
-20
-19
-21
-21
-22
-25
-28
-29
-36
-43
-48
-46
-48
-40
-35
-26
-24
-28
-30
-32
-31
-33
-33
-35
-40
-41
-44
-42
-39
-40
-38
-39
-37
-29
-25
-24
-22
-21
-25
-27
-24
-26
-27
-21
-16
-17
-26
-28
-31
-32
-34
-34
-26
-12
-10
-16
-22
-24
-25
-32
-36
-38
-35
-34
-33
-33
-29
-31
-27
-20
-19
-14
-16
-15
-21
-19
-15
-12
-14
-21
-16
-12
-11
-8
-7
-10
-12
-17
-23
-29
-28
-24
-22
-13
-24
-25
-26
-30
-23
-27
-29
-31
-32
-29
-22
-20
-20
-28
-26
-23
-18
-16
-20
-24
-31
-32
-32
-29
-31
-27
-26
-26
-25
-28
-27
-28
-30
-30
-33
-31
-31
-33
-35
-37
-34
-33
-28
-26
-31
-24
-27
-26
-25
-25
-18
-18
-13
-13
-21
-30
-27
-26
-24
-19
-23
-22
-27
-31
-29
-33
-31
-33
-34
-34
-29
-28
-30
-30
-29
-25
-30
-27
-28
-33
-32
-31
-25
-25
-24
-24
-23
-23
-30
-35
-39
-35
-31
-30
-34
-33
-33
-32
-23
-17
-11
-6
-1
-6
-9
-12
-16
-12
-13
-15
-19
-21
-16
-19
-22
-30
-26
-17
-20
-22
-30
-35
-34
-27
-22
-18
-20
-21
-17
-19
-15
-20
-22
-26
-34
-35
-33
-28
-29
-37
-34
-35
-36
-33
-28
-26
-31
-36
-41
-41
-42
-33
-34
-32
-30
-28
-21
-17
-19
-22
-21
-20
-18
-22
-25
-28
-28
-27
-27
-23
-22
-21
-23
-24
-27
-31
-31
-28
-28
-25
-20
-15
-14
-19
-23
-28
-28
-27
-25
-21
-17
-17
-23
-27
-31
-27
-24
-26
-31
-37
-33
-36
-33
-34
-34
-33
-37
-35
-28
-23
-16
-11
-17
-17
-19
-21
-28
-26
-20
-14
-12
-12
-17
-18
-18
-19
-19
-30
-37
-33
-33
-31
-30
-27
-25
-26
-24
-24
-22
-24
-31
-28
-28
-30
-35
-38
-34
-34
-33
-35
-35
-36
-36
-40
-39
-37
-33
-33
-38
-43
-40
-37
-36
-28
-24
-26
-31
-37
-35
-30
-29
-29
-30
-29
-29
-25
-22
-18
-23
-25
-31
-38
-44
-42
-40
-38
-31
-29
-30
-31
-31
-27
-29
-29
-23
-20
-11
-15
-24
-27
-33
-33
-32
-36
-30
-28
-30
-34
-36
-30
-30
-29
-28
-31
-32
-32
-35
-36
-36
-35
-32
-24
-25
-25
-23
-28
-31
-35
-33
-27
-25
-30
-22
-17
-13
-13
-16
-18
-15
-12
-14
-19
-18
-28
-33
-33
-34
-35
-33
-34
-35
-39
-37
-36
-34
-30
-30
-26
-24
-25
-27
-34
-31
-26
-22
-21
-22
-24
-22
-14
-13
-16
-24
-23
-20
-16
-16
-19
-23
-31
-30
-26
-25
-23
-24
-21
-27
-32
-34
-29
-23
-18
-17
-16
-14
-15
-14
-21
-23
-25
-26
-25
-28
-31
-30
-31
-28
-26
-22
-29
-32
-34
-36
-34
-31
-27
-29
-22
-19
-23
-23
-20
-21
-17
-15
-17
-17
-22
-19
-23
-26
-24
-27
-30
-30
-32
-27
-30
-28
-30
-27
-28
-30
-28
-28
-24
-19
-18
-20
-24
-28
-24
-22
-28
-29
-37
-35
-35
-37
-33
-30
-30
-32
-30
-27
-28
-27
-28
-27
-25
-31
-32
-30
-29
-28
-34
-35
-28
-30
-27
4
105
275
468
569
546
470
391
336
289
297
373
495
645
727
734
731
681
651
630
594
580
568
576
562
544
510
466
416
376
338
287
269
280
276
263
252
263
290
327
353
348
348
343
335
302
240
197
175
184
211
210
187
172
179
217
247
245
198
162
127
89
65
59
74
84
95
116
128
146
157
156
124
105
102
111
128
122
108
93
85
83
86
88
83
71
76
75
79
63
37
32
39
44
56
57
68
80
91
79
56
44
44
48
54
59
60
56
50
32
28
27
39
64
85
108
95
88
90
67
43
33
26
25
16
16
25
33
36
41
51
54
55
48
49
48
38
20
15
27
34
33
24
18
23
24
15
0
-1
4
1
-3
-7
-8
-9
-1
7
14
14
7
6
11
3
0
3
12
16
24
29
26
27
20
20
32
39
29
20
13
9
12
14
16
17
6
-6
-12
-8
2
14
17
15
8
13
24
44
56
53
31
6
-9
-9
-4
-6
-15
-22
-23
-16
-4
-1
9
33
54
73
55
30
27
36
44
42
29
28
30
24
23
23
13
-1
-1
-4
-6
0
13
27
41
32
11
6
5
5
0
-3
-4
3
14
20
18
22
21
20
7
-1
-8
-13
-20
-17
0
20
40
34
24
13
-2
0
0
1
-1
1
3
0
1
1
3
-5
-12
-11
-16
-15
-21
-21
-27
-33
-32
-34
-33
-29
-24
-20
-17
-14
-8
-5
1
7
14
11
-1
-11
-10
-9
-4
-8
-19
-19
-14
-2
12
31
48
34
11
1
-1
0
-5
-14
-19
-22
-22
-23
-23
-16
-15
-9
-10
-9
-7
-10
-8
-7
-7
-14
-19
-18
-15
-16
-20
-29
-25
-20
-22
-26
-22
-17
-12
-3
-2
-3
1
0
-5
-8
-8
-9
-11
-6
-7
-6
-10
-14
-15
-18
-26
-31
-28
-26
-23
-28
-36
-36
-35
-33
-31
-30
-25
-18
-14
-7
-4
4
7
5
-8
-9
-7
-9
-5
-20
-25
-18
-18
-8
0
8
2
-7
-15
-21
-25
-21
-17
-17
-18
-17
-13
-11
-4
5
1
-11
-16
-22
-26
-26
-20
-12
-6
-19
-27
-30
-35
-33
-36
-43
-45
-43
-37
-31
-31
-27
-22
-18
-17
-20
-22
-24
-26
-28
-21
-23
-22
-22
-21
-23
-28
-30
-32
-34
-34
-35
-33
-29
-26
-28
-34
-34
-32
-25
-21
-12
-4
-9
-2
-7
-8
-10
-13
-16
-18
-21
-20
-21
-14
-16
-21
-19
-21
-18
-19
-23
-26
-26
-27
-17
-10
-3
0
-11
-18
-18
-19
-26
-23
-26
-21
-14
-29
-32
-33
-32
-31
-28
-30
-29
-29
-29
-27
-26
-25
-22
-11
3
13
15
2
-15
-20
-28
-27
-27
-23
-22
-18
-20
-20
-13
-12
-13
-14
-12
-15
-15
-14
-13
-10
-5
-4
-3
-2
-8
-11
-15
-17
-21
-23
-20
-28
-25
-26
-22
-12
-10
-6
-3
-11
-12
-12
-17
-20
-20
-22
-21
-27
-29
-25
-21
-22
-27
-31
-34
-37
-38
-34
-30
-33
-31
-30
-31
-33
-34
-35
-31
-35
-35
-31
-24
-17
-15
-14
-16
-18
-20
-21
-31
-39
-36
-39
-40
-39
-37
-39
-38
-41
-37
-36
-37
-34
-20
-3
5
7
-9
-12
-7
-4
-2
-5
-15
-18
-19
-17
-20
-27
-36
-37
-26
-17
-11
-8
-7
-3
-8
-11
-16
-15
-20
-27
-28
-30
-29
-27
-26
-24
-31
-32
-33
-34
-28
-26
-30
-26
-21
-19
-11
-9
-13
-18
-21
-28
-25
-27
-26
-29
-33
-32
-29
-25
-24
-27
-26
-30
-35
-34
-32
-24
-14
-4
-12
-17
-21
-24
-26
-24
-28
-26
-28
-30
-30
-28
-22
-19
-17
-22
-20
-21
-22
-20
-20
-19
-22
-18
-15
-21
-27
-25
-24
-28
-33
-30
-24
-22
-28
-34
-34
-31
-29
-24
-17
-9
-2
-6
-21
-25
-26
-25
-22
-21
-21
-20
-19
-22
-28
-28
-33
-37
-41
-36
-30
-17
-4
6
3
-2
-6
-18
-24
-30
-28
-21
-20
-15
-21
-26
-30
-30
-34
-30
-19
-15
-12
-14
-17
-22
-21
-22
-24
-23
-19
-14
-7
0
0
-7
-18
-21
-25
-21
-14
-4
2
-2
-10
-17
-25
-32
-31
-36
-27
-24
-24
-23
-23
-27
-26
-26
-24
-18
-18
-16
-18
-23
-24
-22
-19
-14
-8
0
-2
3
0
-14
-21
-22
-24
-28
-29
-32
-33
-29
-29
-27
-24
-23
-25
-28
-28
-28
-25
-22
-20
-18
-21
-24
-19
-20
-10
-5
-14
-9
-8
-11
-18
-21
-22
-20
-20
-20
-23
-26
-24
-23
-22
-23
-24
-27
-28
-25
-26
-28
-34
-32
-31
-24
-23
-24
-28
-29
-31
-37
-43
-42
-36
-29
-24
-18
-10
-10
-5
-7
-12
-15
-15
-15
-18
-21
-31
-37
-37
-33
-33
-27
-25
-30
-33
-30
-24
-18
-14
-10
-8
-6
-9
-17
-22
-22
-18
-19
-21
-17
-17
-13
-14
-20
-20
-13
-2
1
1
-8
-14
-17
-22
-22
-18
-15
-13
-15
-21
-26
-28
-33
-34
-29
-24
-19
-25
-28
-30
-20
-11
-14
-10
-12
-13
-17
-15
-13
-7
-7
-10
-14
-28
-28
-25
-29
-32
-31
-32
-23
-23
-27
-34
-38
-37
-32
-30
-30
-29
-24
-24
-22
-23
-22
-21
-20
-23
-26
-29
-29
-27
-26
-32
-30
-26
-21
-19
-19
-20
-20
-25
-33
-33
-22
-15
-15
-15
-16
-16
-17
-25
-24
-24
-28
-24
-22
-21
-18
-20
-24
-26
-30
-29
-31
-31
-25
-22
-27
-32
-40
-43
-44
-41
-40
-35
-33
-27
-25
-23
-22
-21
-21
-21
-25
-29
-23
-16
-15
-13
-18
-25
-29
-29
-26
-26
-26
-20
-22
-25
-26
-31
-31
-33
-31
-24
-22
-20
-13
-12
-12
-17
-21
-27
-28
-30
-28
-29
-30
-32
-30
-31
-32
-29
-31
-29
-27
-18
-9
-13
-20
-20
-21
-22
-17
-23
-26
-26
-21
-26
-29
-29
-23
-13
-8
-9
-13
-20
-21
-22
-24
-22
-25
-21
-23
-28
-27
-31
-35
-35
-39
-30
-22
-24
-24
-25
-27
-27
-33
-30
-33
-37
-34
-29
-28
-28
-27
-28
-31
-33
-35
-25
-20
-19
-19
-18
-19
-15
-12
-7
-3
-2
-10
-17
-20
-18
-17
-23
-27
-28
-31
-28
-25
-27
-25
-25
-18
-16
-26
-32
-37
-31
-26
-19
-13
-6
-8
-12
-22
-27
-23
-12
0
6
-1
-11
-22
-28
-26
-29
-26
-22
-23
-18
-16
-15
-9
-3
-7
-14
-15
-17
-16
-13
-13
-16
-17
-20
-15
-16
-17
-17
-22
-25
-32
-40
-33
-28
-29
-36
-42
-45
-41
-37
-27
-26
-26
-31
-31
-32
-34
-30
-25
-22
-22
-22
-26
-28
-31
-30
-30
-29
-31
-33
-38
-40
-42
-41
-44
-46
-45
-36
-27
-21
-17
-14
-17
-19
-22
-23
-20
-19
-22
-21
-24
-28
-28
-28
-22
-19
-25
-30
-30
-26
-24
-28
-23
-21
-19
-23
-28
-29
-30
-23
-15
-12
-17
-19
-20
-20
-24
-32
-28
-30
-35
-37
-35
-30
-27
-26
-30
-29
-30
-29
-26
-24
-27
-28
-30
-26
-19
-21
-21
-24
-26
-30
-32
-28
-24
-23
-27
-26
-27
-25
-27
-28
-27
-31
-30
-27
-23
-19
-25
-34
-35
-34
-35
-37
-33
-28
-20
-18
-22
-20
-20
-18
-16
-24
-27
-27
-31
-36
-39
-44
-38
-32
-28
-27
-30
-32
-30
-28
-24
-21
-22
-26
-29
-26
-23
-15
-14
-18
-20
-17
-15
-18
-24
-25
-21
-16
-17
-14
-16
-23
-17
-14
-14
-16
-19
-21
-19
-23
-23
-28
-29
-27
-25
-26
-27
-31
-32
-30
-27
-19
-14
-18
-27
-33
-34
-33
-32
-35
-38
-34
-31
-30
-31
-28
-26
-25
-28
-34
-33
-31
-33
-34
-29
-26
-25
-21
-15
-13
-23
-28
-26
-23
-22
-23
-21
-23
-22
-23
-24
-20
-25
-25
-24
-22
-21
-22
-27
-29
-35
-39
-36
-31
-27
-24
-23
-22
-24
-25
-26
-29
-28
-26
-24
-25
-25
-27
-25
-30
-31
-30
-31
-28
-31
-30
-25
-23
-21
-20
-25
-28
-30
-31
-32
-34
-33
-31
-30
-26
-23
-20
-17
-15
-16
-20
-24
-19
-23
-28
-29
-29
-31
-22
-20
-23
-26
-27
-26
-28
-27
-27
-27
-31
-32
-34
-29
-29
-30
-33
-32
-27
-24
-25
-22
-19
-23
-27
-36
-42
-40
-37
-33
-30
-30
-29
-30
-33
-31
-25
-27
-32
-37
-38
-37
-34
-31
-30
-27
-24
-31
-34
-33
-28
-23
-25
-27
-26
-19
-24
-23
-19
-16
-20
-27
-28
-27
-24
-21
-15
-16
-16
-17
-20
-24
-25
-27
-25
-24
-19
-19
-17
-13
-17
-18
-24
-29
-30
-38
-37
-30
-31
-25
-24
-20
-19
-17
-19
-20
-20
-24
-18
-14
-13
-19
-27
-35
-37
-38
-35
-32
-31
-32
-31
-30
-30
-32
-28
-26
-28
-25
-23
-31
-32
-34
-31
-27
-27
-29
-28
-28
-32
-34
-37
-41
-42
-40
-35
-29
-33
-34
-32
-33
-37
-40
-40
-38
-30
-29
-31
-33
-37
-30
-27
-24
-25
-32
-39
-41
-36
-31
-31
-29
-28
-31
-32
-32
-33
-27
-22
-21
-25
-27
-26
-27
-29
-33
-34
-29
-28
-29
-29
-28
-26
-26
-28
-27
-27
-23
-21
-20
-25
-31
-33
-36
-30
-21
-23
-34
-38
-37
-39
-34
-31
-31
-30
-27
-25
-22
-21
-20
-19
-19
-20
-21
-16
-21
-25
-29
-33
-29
-24
-28
-28
-27
-24
-24
-27
-31
-33
-39
-38
-33
-30
-28
-29
-30
-33
-26
-24
-25
-24
-24
-23
-23
-26
-30
-29
-26
-24
-24
-28
-30
-24
-28
-22
-20
-22
-25
-29
-27
-27
-29
-25
-21
-10
-4
-16
-22
-32
-37
-31
-28
-21
-18
-17
-23
-24
-29
-27
-27
-28
-26
-29
-30
-32
-31
-27
-26
-25
-25
-30
-32
-32
-31
-28
-31
-35
-37
-33
-30
-26
-26
-30
-30
-27
-26
-19
-8
4
8
-5
-9
-9
-8
-9
-6
1
-4
-15
-21
-30
-30
-33
-36
-32
-31
-22
-17
-17
-20
-27
-29
-30
-32
-35
-34
-26
-20
-24
-22
-20
-13
-9
-9
-10
-13
-12
-13
-23
-32
-33
-31
-28
-27
-25
-23
-18
-18
-25
-28
-25
-22
-18
-17
-20
-21
-24
-26
-27
-30
-29
-26
-23
-16
-12
-8
-10
-19
-25
-28
-29
-28
-27
-26
-28
-31
-34
-33
-33
-39
-34
-34
-29
-29
-27
-28
-31
-31
-30
-31
-33
-26
-23
-23
-22
-26
-23
-24
-26
-23
-23
-24
-20
-23
-19
-22
-24
-25
-24
-20
-22
-24
-27
-30
-32
-27
-23
-25
-28
-28
-33
-29
-29
-31
-34
-38
-40
-44
-41
-39
-41
-40
-41
-42
-36
-30
-31
-34
-36
-34
-33
-35
-32
-29
-33
-35
-36
-33
-31
-28
-30
-35
-32
-28
-24
-22
-26
-28
-27
-22
-20
-20
-21
-21
-20
-22
-23
-21
-20
-21
-24
-26
-31
-38
-39
-33
-26
-23
-23
-21
-27
-32
-31
-30
-30
-30
-34
-37
-40
-41
-36
-35
-34
-35
-36
-32
-26
-24
-21
-29
-37
-42
-44
-39
-39
-34
-33
-34
-33
-31
-26
-28
-36
-33
-30
-32
-27
-20
-20
-23
-25
-27
-24
-23
-23
-26
-30
-27
-26
-26
-23
-24
-30
-31
-33
-30
-23
-26
-30
-32
-32
-31
-29
-31
-38
-30
-25
-22
-23
-44
-20
-60
60
